52,2
52,1
52,0
51,5
51,4
51,3
51,2
51,1
51,0
50,5
50,4
50,3
50,2
50,1
50,0
49,5
49,4
49,3
49,2
49,1
49,0
48,11
48,10
48,8
48,7
48,6
48,5
48,3
48,2
48,1
48,0
47,6
47,5
47,4
47,3
47,2
47,1
47,0
44,6
44,5
44,4
44,3
44,2
44,1
44,0
43,5
43,4
43,3
43,2
43,1
43,0
42,4
42,3
42,2
42,1
42,0
39,10
39,8
39,6
39,5
39,4
39,3
39,2
39,1
39,0
38,11
38,8
38,6
38,5
38,4
38,3
38,2
38,1
38,0
37,13
37,10
37,8
37,7
37,6
37,5
37,4
37,3
37,2
37,1
37,0
36,15
36,14
36,13
36,12
36,11
36,9
36,8
36,7
36,6
36,5
36,4
36,3
36,2
36,1
36,0
35,5
35,4
35,3
35,2
35,1
35,0
34,7
34,6
34,5
34,4
34,3
34,2
34,1
34,0
33,3
33,2
33,1
33,0
28,7
28,6
28,5
28,4
28,3
28,2
28,1
28,0
25,6
25,5
25,4
25,3
25,2
25,1
25,0
24,5
24,4
24,3
24,2
24,1
24,0
23,5
23,4
23,3
23,2
23,1
23,0
22,3
22,2
22,1
22,0
21,4
21,3
21,2
21,1
21,0
18,4
18,3
18,2
18,1
18,0
17,4
17,3
17,2
17,1
17,0
14,9
14,7
14,6
14,3
14,2
14,1
14,0
12,8
12,7
12,6
12,5
12,4
12,3
12,2
12,1
12,0
10,5
10,4
10,3
10,2
10,1
10,0
7,5
7,4
7,3
7,2
7,1
7,0
6,7
6,6
6,5
6,4
6,3
6,2
6,1
6,0
5,3
5,2
5,1
5,0
4,3
4,2
4,1
4,0
3,6
3,5
3,4
3,3
3,2
3,1
3,0
2,16
2,15
2,14
2,13
2,8
2,7
2,5
2,3
2,2
2,1
2,0
1,3
1,2
1,1
1,0
0,388
0,387
0,243
0,9
0,1
52,3
52,4
53,0
53,1
53,3
53,4
54,1
54,3
54,4
57,1
57,2
57,4
57,6
57,7
58,1
58,2
58,4
58,5
60,1
60,3
60,4
60,6
60,7
61,1
61,3
61,4
62,1
62,2
62,4
62,5
63,0
63,2
63,3
63,1
62,6
62,3
62,0
61,2
61,0
60,5
60,2
60,0
58,3
58,0
57,5
57,3
57,0
54,2
54,0
53,2
52,5
0,569
0,300
0,299
0,298
0,297
0,296
0,295
0,294
0,293
0,292
0,291
0,290
0,289
0,288
0,287
0,286
0,285
0,284
0,283
0,282
0,281
0,280
0,279
0,278
0,277
0,276
0,275
0,274
0,273
0,272
0,271
0,270
0,269
0,268
0,267
0,266
0,265
0,264
0,263
0,262
0,261
0,260
0,259
0,258
0,257
0,256
0,255
0,254
0,253
0,252
0,251
0,250
0,249
0,248
0,247
0,246
0,245
0,244
0,242
0,241
0,240
0,239
0,238
0,237
0,236
0,235
0,234
0,233
0,232
0,231
0,230
0,229
0,228
0,227
0,226
0,225
0,224
0,223
0,222
0,221
0,220
0,219
0,218
0,217
0,216
0,215
0,214
0,213
0,212
0,211
0,210
0,209
0,208
0,207
0,206
0,205
0,204
0,203
0,202
0,201
0,200
0,199
0,198
0,197
0,196
0,195
0,194
0,193
0,192
0,63
0,62
0,61
0,60
0,59
0,58
0,57
0,56
0,55
0,54
0,53
0,52
0,51
0,50
0,49
0,48
0,47
0,46
0,45
0,6
0,0
0,5
0,304
0,303
0,306
0,305
0,302
0,12
0,386
0,10
0,8
0,570
0,11
0,4
0,2
0,3
0,7
